-998
-993
-991
-987
-985
-981
-979
-976
-972
-964
-963
-962
-961
-960
-958
-954
-953
-952
-944
-943
-940
-939
-937
-936
-934
-932
-931
-924
-923
-919
-918
-915
-910
-909
-908
-906
-905
-899
-898
-897
-895
-886
-880
-878
-875
-874
-871
-866
-864
-862
-861
-859
-858
-857
-856
-855
-854
-848
-847
-845
-844
-843
-842
-841
-838
-836
-832
-831
-827
-826
-824
-823
-821
-820
-814
-811
-809
-805
-803
-802
-799
-796
-794
-793
-787
-786
-784
-781
-775
-774
-769
-767
-766
-760
-759
-757
-756
-752
-750
-748
-746
-744
-741
-732
-727
-726
-724
-723
-721
-720
-719
-718
-716
-715
-713
-712
-710
-708
-705
-703
-699
-698
-693
-692
-684
-683
-678
-677
-674
-672
-671
-666
-665
-664
-663
-662
-659
-657
-653
-652
-645
-641
-639
-637
-634
-628
-623
-622
-621
-620
-619
-618
-617
-616
-614
-613
-612
-611
-610
-608
-606
-605
-600
-593
-592
-590
-588
-586
-585
-584
-583
-582
-581
-572
-571
-570
-569
-568
-567
-566
-564
-561
-559
-557
-556
-554
-553
-547
-544
-543
-542
-541
-539
-537
-535
-533
-531
-528
-525
-520
-519
-517
-515
-514
-512
-508
-506
-505
-503
-498
-496
-492
-489
-488
-477
-476
-474
-473
-472
-470
-469
-468
-467
-465
-464
-463
-461
-453
-452
-451
-450
-447
-446
-444
-431
-430
-429
-428
-427
-426
-425
-422
-421
-417
-414
-413
-412
-411
-409
-405
-404
-403
-402
-400
-397
-395
-393
-391
-388
-383
-382
-381
-380
-377
-375
-374
-369
-368
-367
-365
-360
-359
-357
-356
-354
-348
-345
-344
-342
-341
-340
-338
-336
-334
-328
-325
-323
-322
-320
-319
-317
-315
-311
-310
-304
-303
-302
-300
-298
-292
-288
-287
-284
-283
-282
-277
-273
-272
-269
-267
-265
-264
-260
-257
-255
-254
-253
-252
-251
-247
-246
-240
-236
-235
-233
-232
-226
-222
-218
-217
-213
-210
-209
-206
-202
-201
-200
-199
-198
-196
-191
-182
-181
-180
-175
-168
-164
-163
-160
-159
-158
-157
-155
-154
-153
-152
-151
-150
-147
-144
-143
-139
-138
-133
-130
-127
-126
-123
-120
-117
-116
-114
-110
-107
-106
-102
-101
-97
-94
-92
-90
-89
-88
-87
-86
-84
-80
-77
-74
-73
-71
-70
-69
-67
-65
-63
-62
-61
-59
-52
-50
-46
-40
-39
-37
-35
-33
-31
-30
-26
-25
-22
-20
-19
-18
-16
-14
-13
-12
-9
-8
-5
-4
-3
5
6
7
13
14
16
23
25
27
28
30
31
32
33
35
38
40
49
50
51
53
59
61
65
66
68
70
72
73
75
76
79
92
93
95
96
98
99
112
114
117
118
119
123
124
125
126
128
132
133
134
136
139
140
143
144
145
148
154
155
157
160
162
164
166
167
170
177
179
180
181
183
190
193
194
196
199
201
204
205
207
210
212
215
219
220
221
222
225
226
228
229
230
234
235
237
240
241
243
247
251
252
254
258
259
262
263
264
267
270
272
273
280
281
283
286
287
289
290
295
296
299
307
308
310
311
312
313
314
315
320
322
324
326
327
330
335
336
337
340
344
345
346
348
352
353
355
356
357
359
360
367
368
372
373
376
379
381
385
386
390
393
396
399
400
401
402
404
405
407
409
413
414
415
416
417
419
420
425
429
430
431
433
435
438
439
441
442
445
446
449
456
459
460
461
462
463
464
465
467
470
473
476
480
482
483
484
486
495
496
498
502
505
509
510
511
514
517
518
519
523
525
529
530
533
534
539
540
543
544
545
546
547
553
555
556
557
558
559
568
576
584
585
587
593
594
595
596
600
604
605
608
609
610
612
617
624
625
627
628
630
631
635
637
638
640
644
645
656
658
660
661
663
664
665
668
670
675
678
679
686
690
691
692
693
694
697
703
705
706
709
712
723
724
725
726
729
730
734
736
738
739
741
746
748
750
751
754
755
762
763
767
768
770
771
772
773
778
779
781
782
783
784
785
786
789
795
800
802
806
807
808
811
813
814
816
817
818
822
823
827
829
830
831
832
834
835
837
838
839
841
842
845
846
847
848
849
853
854
857
858
864
866
867
869
874
881
884
887
888
891
893
901
906
908
910
911
913
914
917
918
923
924
926
928
931
933
935
936
937
943
944
945
948
949
951
955
956
957
959
961
963
965
967
968
972
973
977
982
984
987
992
994
995
1000
